       141
   -0.7400     4.5350     4.1900    -0.7570     1.5000 
    0.1100     3.9420     4.3660     0.5460     1.7000 
    0.1610     3.8760     3.1310     1.3410     1.7000 
   -0.3150     3.9440     3.2000     2.5990     1.4000 
    0.0220     2.5360     4.9720     0.3830     1.7000 
   -0.2280     2.4950     6.7840     0.1230     1.8500 
    0.4930     3.9830     4.3670    -1.5660     1.0000 
    0.2250     4.5910     5.0420     1.0900     1.0000 
    0.1360     2.0480     4.4900    -0.4550     1.0000 
    0.1360     1.9680     4.7440     1.2840     1.0000 
   -0.7450     3.7590     1.9470     0.7380     1.5000 
    0.0940     3.8410     0.7280     1.4900     1.7000 
    0.1570     5.1650     0.4920     2.2010     1.7000 
   -0.3150     5.2690    -0.3310     3.0620     1.4000 
   -0.0440     3.5790    -0.4800     0.4890     1.7000 
    0.0200     2.1200    -0.4250    -0.1240     1.7000 
    0.1040     1.1480    -1.0060     0.8520     1.7000 
   -0.6980     1.1380    -2.1930     1.1430     1.4000 
   -0.6980     0.3790    -0.2890     1.3920     1.4000 
    0.4930     3.5970     1.9010    -0.2580     1.0000 
    0.2180     3.1090     0.8170     2.2810     1.0000 
    0.0830     4.3160    -0.4370    -0.3160     1.0000 
    0.0830     3.7320    -1.4160     1.0080     1.0000 
    0.1240     1.8380     0.6110    -0.3300     1.0000 
    0.1240     2.0670    -0.9750    -1.0630     1.0000 
   -0.7410     6.1730     1.2130     1.7400     1.5000 
    0.0920     7.5200     1.1900     2.2170     1.7000 
    0.1570     7.8240     2.4450     3.0630     1.7000 
   -0.3150     8.9620     2.7310     3.4120     1.4000 
   -0.0630     8.5710     1.0850     1.0850     1.7000 
   -0.0970     8.3400    -0.0500     0.0700     1.7000 
   -0.1110     9.2740     0.0000    -1.0940     1.7000 
   -0.1110     8.3250    -1.3150     0.6200     1.7000 
    0.4930     5.9740     1.8280     0.9730     1.0000 
    0.2170     7.6200     0.2990     2.8170     1.0000 
    0.0780     8.6070     2.0430     0.5570     1.0000 
    0.0780     9.5580     0.9330     1.5260     1.0000 
    0.0650     7.3180     0.1220    -0.3230     1.0000 
    0.0430    10.2030     0.3830    -0.6940     1.0000 
    0.0430     9.4010    -0.6600    -1.9410     1.0000 
    0.0430     8.8910     0.6750    -1.8280     1.0000 
    0.0430     9.1930    -1.3630     1.2380     1.0000 
    0.0430     7.4330    -1.5240     1.2170     1.0000 
    0.0430     8.4000    -2.0910    -0.1370     1.0000 
   -0.7400     6.8180     3.2600     3.3440     1.5000 
    0.1100     6.9430     4.5750     4.0200     1.7000 
    0.1610     7.9980     5.4310     3.3870     1.7000 
   -0.3150     8.7470     6.1250     3.9990     1.4000 
    0.0220     7.2450     4.4440     5.5130     1.7000 
   -0.2280     5.7710     3.9270     6.4830     1.8500 
    0.4930     5.8510     3.2330     3.0960     1.0000 
    0.2250     5.9780     5.0430     3.9040     1.0000 
    0.1360     8.0350     3.7370     5.6370     1.0000 
    0.1360     7.5750     5.4120     5.8820     1.0000 
   -0.7400     7.8960     5.5590     2.0060     1.5000 
    0.1030     8.9460     6.3750     1.3410     1.7000 
    0.1600     8.7390     7.8710     1.4780     1.7000 
   -0.3150     9.6230     8.6120     1.0730     1.4000 
   -0.0220     9.0460     5.9600    -0.1370     1.7000 
   -0.3930     7.5180     6.4390    -1.0760     1.8500 
    0.4930     7.1530     5.1160     1.4850     1.0000 
    0.2230     9.8980     6.1890     1.8470     1.0000 
    0.1150     9.9250     6.4040    -0.5770     1.0000 
    0.1150     9.1800     4.8740    -0.1770     1.0000 
    0.2610     7.1800     7.2930    -0.7010     1.0000 
   -0.7400     7.5480     8.3070     1.9850     1.5000 
    0.1080     7.3960     9.7170     2.3050     1.7000 
    0.1600     6.5520     9.7940     3.5950     1.7000 
   -0.3150     5.6690     8.9400     3.7820     1.4000 
    0.0190     6.5550    10.3960     1.1300     1.7000 
    0.0390     6.4310    11.8520     1.3130     1.7000 
    0.4930     6.7950     7.6570     2.1230     1.0000 
    0.2240     8.3550    10.2000     2.4250     1.0000 
    0.1290     7.0050    10.1830     0.1680     1.0000 
    0.1290     5.5390     9.9720     1.1030     1.0000 
   -0.3360     5.5880    12.3920     2.0250     1.4000 
   -0.7440     7.3390    12.6660     0.6970     1.5000 
    0.4170     7.2980    13.6380     0.7950     1.0000 
    0.4170     8.0540    12.2350     0.1360     1.0000 
   -0.7640     6.7510    10.7810     4.4440     1.5000 
    0.1190     5.9930    10.8810     5.6950     1.7000 
    0.1740     4.5360    11.0000     5.5370     1.7000 
   -0.3120     3.8030    10.7700     6.4570     1.4000 
   -0.0490     6.5920    12.0790     6.3870     1.7000 
   -0.0690     7.9610    12.0850     5.8890     1.7000 
    0.0000     7.8580    11.7690     4.4140     1.7000 
    0.2530     6.0590     9.9630     6.2760     1.0000 
    0.0820     6.0810    12.9830     6.1320     1.0000 
    0.0820     6.5860    11.9670     7.4560     1.0000 
    0.0730     8.4310    13.0350     6.0430     1.0000 
    0.0730     8.5430    11.3460     6.3830     1.0000 
    0.1690     7.6290    12.6430     3.8660     1.0000 
    0.1690     8.7650    11.3350     4.0350     1.0000 
   -0.7460     4.0540    11.5690     4.3270     1.5000 
    0.0870     2.6140    11.7580     4.1110     1.7000 
    0.1550     1.8540    10.4790     3.8520     1.7000 
   -0.3150     0.6480    10.4590     3.8740     1.4000 
   -0.0760     2.3710    12.7070     2.9450     1.7000 
    0.4920     4.5940    11.8400     3.5260     1.0000 
    0.2140     2.2480    12.1530     5.0510     1.0000 
    0.0630     2.9300    13.6030     3.1550     1.0000 
    0.0630     2.6570    12.2860     1.9880     1.0000 
    0.0630     1.3160    12.9490     2.9510     1.0000 
   -0.7400     2.5660     9.3660     3.6750     1.5000 
    0.1100     1.9250     8.1180     3.4650     1.7000 
    0.1610     1.2720     7.6420     4.7980     1.7000 
   -0.3150     1.7840     7.9090     5.8860     1.4000 
    0.0220     2.9780     7.1160     3.0890     1.7000 
   -0.2280     3.8110     7.4590     1.5170     1.8500 
    0.4930     3.5620     9.2260     3.7170     1.0000 
    0.2250     1.1940     8.2450     2.6810     1.0000 
    0.1360     3.6980     7.0600     3.8810     1.0000 
    0.1360     2.4860     6.1550     3.0170     1.0000 
   -0.7460     0.1550     6.9080     4.6890     1.5000 
    0.0870    -0.5660     6.5140     5.8660     1.7000 
    0.1550     0.3190     5.6070     6.7390     1.7000 
   -0.3150     0.9500     4.6620     6.2780     1.4000 
   -0.0760    -1.8480     5.7350     5.5380     1.7000 
    0.4920    -0.1810     6.6150     3.7920     1.0000 
    0.2140    -0.8100     7.4350     6.3940     1.0000 
    0.0630    -1.7490     5.6220     4.4690     1.0000 
    0.0630    -1.9190     4.7230     5.9520     1.0000 
    0.0630    -2.7980     6.2310     5.7180     1.0000 
   -0.7500     0.2630     5.8220     8.0570     1.5000 
    0.0660     1.0130     5.0050     8.9320     1.7000 
    0.1430     2.4890     5.3270     9.0020     1.7000 
   -0.3190     3.2220     4.5100     9.5790     1.4000 
    0.4880    -0.2860     6.5570     8.4150     1.0000 
    0.1860     0.5900     5.0760     9.9120     1.0000 
    0.1860     0.9120     3.9730     8.6050     1.0000 
   -0.7330     2.9090     6.4390     8.4100     1.5000 
    0.1380     4.3190     6.7190     8.2870     1.7000 
    0.1520     4.7110     8.0430     9.0270     1.7000 
   -0.6880     5.8440     8.4500     8.8240     1.4000 
    0.0280     4.7400     6.7880     6.8200     1.7000 
   -0.2270     4.3670     5.2700     5.9340     1.8500 
   -0.6880     3.9030     8.5690     9.7730     1.4000 
    0.4960     2.5370     6.9080     7.6010     1.0000 
    0.2460     5.3890     6.6460     8.4360     1.0000 
    0.1380     4.2090     7.6080     6.3390     1.0000 
    0.1380     5.8020     6.9810     6.7610     1.0000 
